4728
4975
3989
2075
4916
16798
23934132
23934050
5415
23934049
23934048
16796
16797
23934199
23934137
23934060
23934177
23932899
14034
21513299
23934172
23934051
23934079
23934133
23934063
23934144
23934128
23932065
6162
471
23934097
23932071
24893630
23934025
17841
23934143
23933989
695
23934131
24891383
23934044
23934150
23934142
23934090
23934072
23934080
23934076
23934067
23934139
23934154
23934078
23934045
23934096
23933986
23934056
23934183
23934148
23934092
23934138
23934201
21572797
23934136
23934046
23934066
23934099
13613
17538
23934034
23934181
23934112
23934077
8265
23934158
23932900
7180
23934081
23934095
23934052
23934071
23934062
23934168
23934196
23934084
2892
23934075
23934146
23934127
23934134
23934082
23934053
23934123
23934105
23934900
24893775
23934008
23934061
23934141
23934180
5865
23933988
23934032
23932897
23934125
23934113
23934098
23937213
23934156
23934185
23932069
23934068
23934182
23934073
23908044
23934174
23934087
23934110
21484981
23934120
2885
2891
2896
11274
23934176
6969
23934117
23934100
23934088
23934069
23934171
23934089
23934026
23934173
2882
23934126
23934175
23934101
12150
16790
23934083
23934055
23934135
23934047
23934094
23934106
2888
2898
23934059
15596
23934054
23934011
23934109
23934023
23934064
23934070
23934167
23934118
23934074
2904
2897
12331
23934104
23934042
2868
11273
23934036
23934111
2884
23934041
24894483
24893431
23934159
23934184
23934187
2887
2901
23934130
2899
23934012
23934115
8696
16801
23932067
23934043
23934169
2883
2908
2877
2900
21484997
23934186
2880
16787
24894485
24893525
23934129
23934013
23934121
21484979
23934058
24893494
23934170
2879
2881
17507
23934179
23932895
23934164
2895
16782
23934203
23934093
1717
2894
6037
23934108
23934202
23934200
24893631
23934065
21572798
24893798
23933998
23934147
2903
16768
23934193
1005
2874
2905
2871
16803
16808
16811
16762
16766
16767
16769
16770
16771
16772
16773
16774
16775
16776
16777
16778
16779
16780
16781
16783
16784
16785
16786
16788
16789
16791
19132
19117
24891384
23934086
24893632
2837
2826
2890
2906
2867
16763
16764
16765
19118
23932068
23932894
23934151
22552222
23932901
23908045
23934116
2852
22551946
2875
11485
23934107
23934033
24893496
23934016
23934140
23934024
2822
19130
23933999
23934028
23934124
23933997
23934020
23934021
23934102
6014
6015
6035
16823
16802
16812
19120
23934161
24894482
23934014
23934103
23934197
23934122
2674
2675
2671
2821
2873
5882
6017
6018
8259
16804
16810
23934114
23934166
23934002
23934157
23934006
439
23932896
1068
2669
2818
2839
2907
2889
5883
6007
6028
6031
10758
13855
14283
14306
16805
16806
16807
16809
16813
16814
16815
16816
16817
16818
16819
16820
16821
16822
19046
19125
23932070
22552225
23934205
23934017
23934040
21484980
23934178
2672
2869
2902
5648
5840
5843
5845
5848
5852
5853
5857
5858
5861
5863
5880
5881
5886
21461962
6019
6021
6029
10752
10764
10766
10767
11715
11724
11725
11726
11727
11728
14282
14296
14297
14298
14299
14300
14301
14302
14303
14305
15213
23934031
23934162
23934149
23933029
21484989
1806
23934192
23659776
2668
2836
2838
5844
5846
5847
5849
5854
5860
5874
5875
6016
6020
6022
6023
6024
6030
6032
6036
10751
10763
10765
10769
11729
14307
15364
15366
15367
18362
19111
19119
19128
23933995
23933992
23660874
21522427
23934019
21462024
24893774
2876
5873
5841
5842
6027
7577
7581
10745
10750
10753
10755
10757
10761
10771
13297
13299
13300
13301
13304
13305
15209
15211
15217
15362
18323
19047
19124
19131
19123
19126
23934038
23934022
23934085
23934145
23934030
2659
2870
2872
5850
5851
5884
5888
6025
6219
7574
7575
10342
